score0=0.7194299989621287
score1=0.6444629013843998
score2=0.48348626380178006
score3=0.37991784282579627
score4=1.0
score5=1.0
score6=0.4347208719449914
score7=1.0
final result:0.707752234864887