score0=0.9733349348192527
score1=0.741884162027368
score2=0.1267058116773967
score3=0.7771475625141703
score4=0.5077833957665142
score5=0.5750080334543353
score6=0.7128717318013412
score7=0.6406527404831124
score8=0.8583579691064448
score9=0.65209660721924
score10=0.6962903286808728
score11=0.5776232337036111
score12=0.7816726707289412
score13=0.6300035731158825
score14=0.738395183854792
score15=0.6118021735939503
score16=0.6791665246906031
score17=0.9244754047211334
score18=0.37991784282579627
score19=1.0
score20=1.0
score21=0.081406690893008
score22=1.0
score23=0.5946035575013605
score24=1.0
score25=0.08783602619713961
score26=1.0
score27=1.0
score28=1.0
score29=0.18575057999133598
score30=0.05665132701906204
score31=0.6147881529512643
score32=1.0
score33=0.12753431387594827
score34=1.0
score35=1.0
final result:0.6759377925892742