score0=0.7122236811698985
score1=1.0
score2=0.800150575114205
score3=0.6092419073800922
score4=0.5926165956871995
score5=0.7637483416234716
score6=0.42296730517648884
score7=0.48357549122951055
score8=0.7527002881177419
score9=0.6136608041120917
score10=0.6580728763109467
score11=0.37991784282579627
score12=1.0
final result:0.6760673622113418