score0=0.6634832616570885
score1=0.8282477531331041
score2=0.7256725301451089
score3=0.6092419073800922
score4=0.7242812384414588
score5=0.7637483416234716
score6=0.42296730517648884
score7=0.48357549122951055
score8=0.7527002881177419
score9=0.6136608041120917
score10=0.6580728763109467
score11=0.37991784282579627
score12=1.0
final result:0.6635053569348385