score0=0.7337633609905474
score1=0.7004517017457531
score2=0.6980622268369912
score3=0.6092419073800922
score4=0.5429118780713653
score5=0.7637483416234716
score6=0.42296730517648884
score7=0.48357549122951055
score8=0.7527002881177419
score9=0.6206572663069044
score10=0.5797226510267525
score11=0.6580728763109467
score12=0.37991784282579627
score13=1.0
final result:0.6389852241173115