score0=0.8556310477994067
score1=1.0
score2=0.7435961153048867
score3=0.5341735956899847
score4=0.691910912438418
score5=0.8511147533404816
score6=0.6533740216978258
score7=0.7071067811865475
score8=1.0
score9=1.0
final result:0.803690722745755