score0=0.45731465406754856
score1=0.9157103753711766
score2=0.00449905567969965
score3=0.5579058047767296
score4=0.7794781626248504
score5=0.21844405911788378
score6=0.6023543421188537
score7=0.710866788975034
score8=1.0
final result:0.5829525825257529