score0=0.7138301417299198
score1=0.7171757457419701
score2=0.17436220162472302
score3=0.6606328636027614
score4=0.5801735820744289
score5=0.23961829057131984
score6=0.5423919524187553
score7=0.49693695965817614
score8=0.6644328101999465
score9=0.8062737716018985
score10=0.6119439826857105
score11=0.49696746913425055
score12=0.5147982081610748
score13=0.6792310722877624
score14=0.5577106982797473
score15=0.8041877330783055
score16=0.44450449069125453
score17=0.7273284259524829
score18=0.6442271946445949
score19=0.5336367684754503
score20=0.5410827630329099
score21=0.7751344190123827
score22=0.8327198499050005
score23=0.5201869153561253
score24=0.5888590103677527
score25=0.52765448029356
score26=0.47240284667510807
score27=0.6042452210464744
score28=0.6715088060485392
score29=0.5851656665671066
score30=0.5852701537765755
score31=0.5959150136892633
score32=0.7684552382202191
score33=0.6350389046967325
score34=0.6403086668632527
score35=0.6617520152739172
score36=0.5894672016184995
score37=0.7933267030901644
score38=0.6413865258981679
score39=0.7018491170272204
score40=0.5548863901240141
score41=0.4281491906468623
score42=0.6492192948906439
score43=0.30376137001310205
score44=0.7377748967627571
score45=0.6298239606108634
score46=0.4991505583421809
score47=0.6554913610595183
score48=0.7673588244465339
score49=0.856458257038771
score50=0.6405807334922451
score51=0.541476523487379
score52=0.4829787097675576
score53=0.48231697053378564
score54=0.6763698683201679
score55=0.7485849198003462
score56=1.0
score57=1.0
score58=1.0
final result:0.6270589103459362