score0=0.22519188259024958
score1=0.7241912679048504
score2=0.7592580058366352
score3=0.7272165130744179
score4=0.8036704158922215
score5=0.6908346928206425
score6=0.840435017870011
score7=0.5759499059752112
score8=0.6373741402291487
score9=0.6618346326530543
score10=0.5857578073466885
score11=1.0
score12=1.0
final result:0.71013186786101