score0=0.6703261569812694
score1=0.8293181259810137
score2=0.6823092829560158
score3=0.7547142469096
score4=0.6012970143389494
score5=0.7490853969372642
score6=0.5104614650283598
score7=0.6407582581048006
score8=0.7692308649057313
score9=0.5325437527226883
score10=0.6638566819112782
score11=0.636855658754492
score12=0.7064601181807469
score13=0.47205354095400787
score14=0.5909811098325148
score15=0.473265686519562
score16=0.7157711838462534
score17=0.641575753393572
score18=0.7187302814113106
score19=0.7181471432452939
score20=0.5967351310868864
score21=0.8320381765431424
score22=1.0
final result:0.6741963056758589