score0=0.9487294800164372
score1=0.5411451662184075
score2=0.4040092991904437
score3=0.5447049403057684
score4=0.3179440883008189
score5=0.8082374773588928
score6=0.6242249827545878
score7=0.37991784282579627
score8=1.0
final result:0.6187681418856836