score0=0.6768823707187234
score1=0.718880328515722
score2=0.7366535992422217
score3=1.0
score4=0.08307018474412793
score5=0.38260294162784475
score6=0.63287829698514
score7=0.5577101976298575
score8=0.1384586850774637
score9=0.6256538561604214
score10=0.14113991930789777
score11=0.31740223371790166
score12=0.6689318855382033
score13=0.02777619034011792
score14=0.06985342056580097
score15=0.5234323952805149
score16=0.5209683713053198
score17=0.5061862421767177
score18=0.03155984539112946
score19=0.6791920011723781
score20=0.06985342056580097
score21=0.5117142486147004
score22=0.3114456067565579
score23=0.4347208719449914
score24=0.49813894478262755
score25=0.6754317017190766
score26=0.7006445473720443
score27=1.0
score28=0.621407944294642
score29=1.0
score30=0.5266130548751677
score31=0.6343608337535854
score32=1.0
score33=1.0
final result:0.530104827652256