score0=0.7273648160801438
score1=0.8082578246489868
score2=0.631337134043747
score3=0.5553261466370035
score4=0.8931539818068694
score5=0.04506819749679463
score6=0.7706386489353605
score7=0.28646290158800986
score8=0.4347208719449914
score9=0.4370118905021439
score10=0.5505067696839407
score11=0.1575763857074461
score12=0.45242529056256514
score13=0.29932860287615976
score14=0.17567205239427922
score15=0.5861074680619374
score16=0.7168741181598335
score17=0.6264914327994121
score18=0.42945454132852956
score19=1.0
score20=1.0
score21=1.0
final result:0.5719899579662798