score0=0.7347524621315226
score1=0.5074607354712146
score2=0.6271261208998593
score3=0.8862448057751009
score4=1.0
score5=1.0
score6=1.0
final result:0.8222263034682424