score0=0.8401634199255428
score1=0.7171757457419701
score2=0.5912687252732634
score3=0.40985287842208235
score4=0.759261407521933
score5=1.0
score6=1.0
score7=1.0
score8=0.8070557274927982
score9=0.6189172073417211
score10=0.784757484773875
score11=0.5844905259220912
score12=0.6494923517847505
score13=0.08307018474412793
score14=0.38260294162784475
score15=0.7388052402741124
score16=0.6083553511568028
score17=0.38260294162784475
score18=1.0
score19=0.7702430427465631
score20=0.6104735835807844
score21=0.6067804994956499
score22=0.42728700639623407
score23=0.5768712431219989
score24=0.38260294162784475
score25=1.0
score26=0.5921832661364991
score27=0.4347208719449914
score28=0.5259143432434387
score29=0.5879493283318652
score30=0.48442082445942153
score31=0.03303164318013808
score32=0.7283613968211744
score33=0.29696186879952025
score34=0.7602943751358348
score35=0.509789311919008
score36=0.4347208719449914
score37=0.5149732203257935
score38=0.3655552228545123
score39=0.672118974647514
score40=0.36097105543861074
score41=0.5410822690539396
score42=0.4915895701229618
score43=0.4011136801307362
score44=0.7071067811865475
score45=0.6221292547882926
score46=0.872994646936848
score47=0.517995555959073
score48=0.2907153684841096
score49=0.1561969968460128
score50=0.7291255818157851
score51=0.4559869652538159
score52=0.6417215763612791
score53=0.5410822690539396
score54=0.5950845116417527
score55=0.4929750172359995
score56=0.454333387833201
score57=0.18295654224495206
score58=0.7071067811865475
score59=0.6906694633320609
score60=0.5550657592884986
score61=0.10909005447984235
score62=0.5672261896140216
score63=0.46675445794865744
score64=0.3241793626541014
score65=0.623887920156974
score66=0.5008718428920987
score67=0.7071067811865475
score68=0.5656944762780932
score69=0.4635893034370538
score70=0.06500593260343691
score71=0.4531854029958101
score72=0.7537576210377256
score73=0.07730551756939454
score74=0.2907153684841096
score75=0.5921187411013318
score76=0.05622008276590379
score77=0.8371296357913853
score78=0.6237465763489733
score79=0.44833867003844585
score80=0.619812635635554
score81=0.04403288427322774
score82=0.04506819749679463
score83=0.38260294162784475
score84=1.0
score85=0.8604852743887371
score86=0.5023049672447087
score87=0.1561969968460128
score88=1.0
score89=0.5760278125285648
score90=0.07386099955930606
score91=0.7189085812023328
score92=0.8394327083733336
score93=0.06985342056580097
score94=0.7200391346486708
score95=0.5721308688952416
score96=0.4347208719449914
score97=0.2907153684841096
score98=0.7493401770667825
score99=0.6809354000776107
score100=0.7001720462214349
score101=0.5555238068023582
score102=0.7973350373409581
score103=0.7382713360929901
score104=0.6974416165754524
score105=0.056122223243057295
score106=0.5641876727889739
score107=0.6040764407886676
score108=0.5166357204442371
score109=0.5617980540592394
final result:0.5448644194285491