score0=0.688679894786424
score1=0.7832115922550582
score2=0.2519921893632722
score3=0.589887613842992
score4=0.5252034293335157
score5=0.392814650900513
score6=0.06500593260343691
score7=0.3759663529467017
score8=0.5608646763315004
score9=0.5578703745599377
score10=0.7587724196025941
score11=0.32531901304159794
score12=0.5991525176012588
score13=0.595353365602031
score14=0.34791594751284466
score15=0.7034947350565005
score16=0.5121652496247724
score17=0.6004326567830167
score18=0.8427370126613258
score19=0.4973249616761812
score20=0.697126387158765
score21=0.5481579536098352
score22=0.3672056269893592
score23=0.5876468790516083
score24=0.49430376805509907
score25=0.4071220775553065
score26=0.5886074724404838
score27=0.8339984128670398
score28=0.6130812708565786
score29=0.5208180668279851
score30=1.0
score31=0.6353281416189985
score32=0.8043503119342873
score33=0.8043503119342873
score34=1.0
score35=1.0
final result:0.5965628129718085