score0=0.5191129257921043
score1=0.7255205168910215
score2=0.6118844457660468
score3=1.0
score4=0.4347208719449914
score5=0.5943452301265548
score6=0.08307018474412793
score7=0.6040958671185364
score8=0.4089601472043678
score9=0.6840776160949216
score10=0.7141020038269416
score11=0.35655062085592504
score12=0.8084787538530064
score13=0.7836476151656436
score14=0.5491004867761125
score15=0.6724058847505924
score16=0.07730551756939454
score17=0.5763039430435895
score18=0.06985342056580097
score19=0.8243424515106365
score20=0.5803290120940173
score21=0.6601115747209366
score22=0.1242188995129533
score23=0.6693044052712492
score24=0.715601014297201
score25=0.5378465342415417
score26=0.6210379238521458
score27=0.5555238068023582
score28=0.7176300969336118
score29=0.6139645902815817
score30=0.5422593559975826
score31=0.03303164318013808
score32=0.38452927925557573
score33=0.03155984539112946
score34=0.63287829698514
score35=0.5404187465681125
score36=0.6710254271924676
score37=0.63287829698514
score38=0.5
score39=0.28319415510892393
score40=0.48836742719389825
score41=0.6510762338122389
score42=0.5
score43=0.5632982624393262
score44=0.18092176081223305
score45=0.3654744703030048
score46=0.1744391898986843
score47=0.4440940987682142
score48=0.5
score49=0.5417746342180826
score50=0.36866661166274683
score51=0.1561969968460128
score52=0.6065652670998001
score53=0.1522474354853864
score54=0.5931083264164275
score55=0.7171129640444251
score56=0.48698801923715
score57=0.06985342056580097
score58=0.09128709291752769
score59=0.6173832764889098
score60=0.09128709291752769
score61=0.4476668879086001
score62=0.4347208719449914
score63=0.7743152535113963
score64=0.5654947133859988
score65=0.6944746166638742
score66=0.608038020967195
score67=0.26422944173835045
score68=0.3546731600174372
score69=0.8202254198244213
score70=1.0
score71=0.5428791127544569
score72=0.4206772001826815
score73=0.22741221234802106
score74=1.0
score75=1.0
final result:0.5086864592190387