score0=0.42415103018425304
score1=0.7171757457419701
score2=0.6076804955440056
score3=0.5770113490147172
score4=0.6389989874402208
score5=0.7522924378319541
score6=0.7781544930589777
score7=0.7071067811865475
score8=0.3047329947309734
score9=1.0
score10=1.0
final result:0.682482210430329