score0=0.7642043367392053
score1=0.6648311644931367
score2=0.5611564893070567
score3=0.707355806328577
score4=1.0
score5=0.7271648621286583
score6=1.0
score7=1.0
final result:0.8030890823745792