score0=0.6871487843470682
score1=1.0
score2=0.5197697171354894
score3=0.6117732772982764
score4=0.6769867331087214
score5=0.7467721214076969
score6=0.47838970933015035
score7=1.0
score8=1.0
final result:0.7467600380697115