score0=0.9710165517924373
score1=0.6443003084769461
score2=0.6939808382642008
score3=1.0
score4=0.4347208719449914
score5=0.7764794676988432
score6=0.4347208719449914
score7=0.7188917749138706
score8=0.5340040345164269
score9=0.07730551756939454
score10=0.492972729688056
score11=0.6674600022185551
score12=0.5446764278845876
score13=0.6374542946641344
score14=0.6830371275766572
score15=0.7224715201533617
score16=0.7131461657201187
score17=0.5819644050260195
score18=0.6575725574837631
score19=0.6218803353500766
score20=0.5944825355651335
score21=0.47581040383390794
score22=0.7476484845838848
score23=0.7218742824931088
score24=0.3904439050342299
score25=0.6439307150528661
score26=0.6107388339512443
score27=0.6565152964529051
score28=0.08307018474412793
score29=0.30934588294313714
score30=0.7144227970531485
score31=0.7433941183878229
score32=0.30928520903947526
score33=0.8306033822278182
score34=0.8190224646186257
score35=0.27882410979222033
score36=0.8645707301556367
score37=0.7172660971524103
score38=0.5892347577257313
score39=0.4347208719449914
score40=0.05307712171072445
score41=1.0
score42=0.7641254083103469
score43=0.42728700639623407
score44=1.0
score45=0.6318318865381133
score46=0.5555238068023582
score47=1.0
score48=0.7191234041930593
score49=0.7938808725068086
score50=0.6158192066304544
score51=0.08112994486616507
score52=1.0
score53=0.6272433850644107
score54=0.8544877010846097
score55=0.8942255541978509
score56=0.06985342056580097
score57=1.0
score58=0.6269180355941105
score59=0.4347208719449914
score60=0.2907153684841096
score61=0.7311485073077503
score62=0.30213753973567675
score63=0.7663229293995117
score64=0.7105847704499219
score65=0.5555238068023582
score66=0.774078777595045
score67=0.49900206868068925
score68=0.7672045368832553
score69=1.0
score70=0.4567848557754997
score71=0.4833783907911973
score72=1.0
score73=1.0
final result:0.6301268924858231