score0=0.8708501292812006
score1=0.9278982724420874
score2=0.743128348266773
score3=0.7298717091955259
score4=1.0
score5=0.08307018474412793
score6=0.38260294162784475
score7=0.11000709709447289
score8=0.38260294162784475
score9=0.5232307247268364
score10=0.5312288150259572
score11=0.21661261014043584
score12=0.7673071548877978
score13=0.7244076217066848
score14=0.6374542946641344
score15=0.855773397786508
score16=0.8327066998441598
score17=0.8571061116877262
score18=0.44573518321953964
score19=0.5767105449173525
score20=0.7601394695516538
score21=0.4903047069202663
score22=0.7668802564849507
score23=0.5400004369276201
score24=0.7539352394200598
score25=0.5965499126842995
score26=0.5367425270921747
score27=0.45315898503242596
score28=1.0
score29=0.5056233739478989
score30=0.568702207281238
score31=0.5945477707054657
score32=1.0
score33=0.6847437366547474
score34=0.5276454313271229
score35=0.38538569180303145
score36=0.7158120356154629
score37=0.540474427730184
score38=0.44304031555249035
score39=0.7164281567120232
score40=0.7002826330467726
score41=0.7050655275129738
score42=0.5985428789914963
score43=0.5611121564750133
score44=0.3665882729601239
score45=0.7405721185789791
score46=0.6944222771096417
score47=0.586177401440917
score48=1.0
score49=0.563646574957034
score50=0.6896043371334599
score51=0.6100023660158786
score52=0.06376715693797415
score53=0.492709295945975
score54=0.7814142169153838
score55=0.6425102227787909
score56=0.647226521048418
score57=1.0
score58=1.0
score59=1.0
final result:0.6370343903696494