score0=0.7536915950490678
score1=0.8966567355675298
score2=0.6683127901750583
score3=0.08307018474412793
score4=0.13212478956547835
score5=0.05637560315259291
score6=0.024808415001701823
score7=0.6699042833357162
score8=0.4174441728660793
score9=0.7982311021907642
score10=0.14287202148494
score11=0.6867316586654512
score12=0.6619761457273512
score13=0.7539221180326288
score14=0.5169731539571706
score15=0.5354726132844059
score16=0.44833867003844585
score17=0.6229585660379044
score18=0.39753601762639507
score19=0.7502738197592107
score20=0.4671379777282001
score21=0.4390960897971484
score22=0.5826631670647805
score23=0.6963260065732194
score24=0.5871883316602863
score25=0.30213753973567675
score26=0.8792464775555724
score27=0.6659049541380436
score28=0.51874317684869
score29=0.6454774944567612
score30=0.05706135914957148
score31=0.4160751652217845
score32=0.6223405515203905
score33=0.7076229393476619
score34=0.5314879081859863
score35=0.5161613316494089
score36=0.6880443962344877
score37=0.21277084675095603
score38=0.34228034887472175
score39=0.648386391826905
score40=0.3759663529467017
score41=0.726957162267946
score42=0.4832697830906221
score43=0.591460168684858
score44=0.6859757936380976
score45=0.11064054220098625
score46=0.7820695894062477
score47=0.6104735835807844
score48=0.05012578715739066
score49=0.6898459939417872
score50=0.269855346668251
score51=0.6437025214451015
score52=0.4682568791024402
score53=0.269855346668251
score54=0.7130000992398909
score55=0.4160751652217845
score56=0.6240075883112298
score57=0.6104735835807844
score58=0.4333207865423752
score59=0.663736437271196
score60=0.5273593489394789
score61=1.0
score62=1.0
final result:0.5284167423887062