score0=0.5609365790559608
score1=0.7832115922550582
score2=0.5508737640119479
score3=1.0
score4=0.4347208719449914
score5=0.5917293337021399
score6=0.4347208719449914
score7=0.5555238068023582
score8=0.7488163838249158
score9=0.026658376817028855
score10=0.7787286750448266
score11=0.05859059370151704
score12=0.4035179817137049
score13=0.09054992806599667
score14=0.5791460926441345
score15=0.22175727935320022
score16=0.49774116931024465
score17=0.3398556672765522
score18=0.6713100377164659
score19=0.3041149081312327
score20=0.7644543648208771
score21=0.25427516951475904
score22=1.0
score23=0.7739321540474097
score24=0.5607179758937677
score25=0.6442271946445949
score26=0.45803598677074997
score27=0.4347208719449914
score28=0.5174476594166615
score29=0.48156738796358634
score30=0.5336173162037212
score31=0.3997400439593721
score32=0.7170627148765869
score33=0.7214759626649614
score34=0.42558424971997516
score35=0.3817666460451127
score36=0.5732918050277916
score37=0.4347208719449914
score38=0.39218551086594045
score39=0.49559746426671447
score40=0.7171757457419701
score41=1.0
score42=0.3793303475026513
score43=0.3316272627956672
score44=1.0
score45=1.0
final result:0.5440230134771766