score0=0.5919714916991752
score1=0.7171757457419701
score2=0.6325806412779994
score3=0.6492132936230964
score4=0.4767624797471236
score5=0.5075230937410798
score6=0.055048043095807415
score7=0.7071067811865475
score8=0.6453126442705598
score9=1.0
score10=1.0
score11=0
score12=0.5923036032457584
score13=0.6615586516755327
score14=0.48247798221069793
score15=0.528775513054349
score16=0.27325756419272385
score17=0.5841095960029423
score18=0.5292638656710624
score19=0.6159923532398421
score20=0.48130008360280857
score21=0.5172077569898993
score22=0.30411873096992803
score23=0.6519340582462738
score24=0.31953320831670873
score25=0.4415653431603969
score26=0.35737947223876637
score27=0.4862586420170392
score28=0.35584764723624895
score29=0.38169429633357577
score30=0.7127337521689359
score31=0.6281960657640598
score32=0.47999946459577875
score33=0.5605169759948163
score34=0.8145733712997602
final result:0.5355226346460362