score0=0.8495801555366082
score1=0.3667915167619415
score2=0.7422190054928183
score3=0.5969491792019646
score4=1.0
score5=0.49096349671086925
score6=0.6341170781138561
score7=1.0
score8=1.0
score9=1.0
final result:0.7680620431818058