score0=0.5779728355989263
score1=0.7497278554387149
score2=0.7643639006990107
score3=0.012032630820491531
score4=0.7358319189819101
score5=0.45788313721339824
score6=0.4107414648491942
score7=0.7004064740171756
score8=0.5730598444001733
score9=0.6145527130620363
score10=0.6328371213123534
score11=0.6627342139642841
score12=0.359608206635004
score13=0.661087332518416
score14=0.4792138852070662
score15=0.7649771652012957
score16=0.6624842582970631
score17=0.2756966158898809
score18=0.4756999444492315
score19=0.45918668193982276
score20=0.2267109500144412
score21=0.6585277446155866
score22=0.5145205872627538
score23=0.46848729319262694
score24=0.5551499682280813
score25=0.3434890803244303
score26=0.4938934456243385
score27=0.7003356553209695
score28=0.6548241934154405
score29=0.3232557902784172
score30=0.36099231567048057
score31=0.5059515227520717
score32=0.6839535298713799
score33=0.38503228868787126
score34=0.5857102908105185
score35=0.42254057329524836
score36=0.4019105009060657
score37=0.6691507011836619
score38=0.35831291876413535
score39=0.4961577855632883
score40=0.6607652682318365
score41=0.26155979451842326
score42=0.42111197292366
score43=0.07223943354597208
score44=0.5171966006700157
score45=0.5365465731274822
score46=0.6583817236223515
score47=0.617939643800199
score48=0.7573593023537162
score49=0.3316476355773356
score50=0.6587480145435196
score51=0.8862476419965991
score52=0.4901034799281271
score53=0.6245476455619687
score54=0.5149732203257935
score55=0.5353148722775989
score56=0.6575285985328999
score57=0.5794267512495553
score58=0.41714445511587794
score59=0.6803749333171202
score60=0.5254335227467691
score61=0.6209780701258993
score62=0.5884055768013884
score63=1.0
score64=1.0
score65=1.0
final result:0.5523178798056266