score0=0.8069867269795702
score1=0.6752918218126556
score2=0.6804220581887237
score3=0.6580370064762462
score4=0.6936607763296534
score5=0.6541600094103278
score6=0.7109200643489663
score7=0.6488897850871244
score8=0.42323021800376565
score9=0.49999999999999994
score10=1.0
score11=1.0
final result:0.7042998722197528