score0=0.8220534854039184
score1=1.0
score2=0.785905408822388
score3=0.6580370064762462
score4=1.0
score5=0.9106520295213664
score6=0.7109200643489663
score7=0.6488897850871244
score8=0.42323021800376565
score9=0.49999999999999994
score10=1.0
score11=1.0
final result:0.7883073331386479