score0=0.9740274534203012
score1=0.7029879871842207
score2=0.7181533348461899
score3=1.0
score4=1.0
score5=1.0
score6=0.8317474788316624
score7=0.7374388496901355
score8=0.7421053531617278
score9=0.6464383372762689
score10=0.269855346668251
score11=0.5031747626530138
score12=0.6020312672349623
score13=0.6753283671980527
score14=0.23397625978961173
score15=0.7141406520461016
score16=0.644670974617212
score17=0.6093541147509595
score18=0.7918123057628704
score19=0.5564924657670628
score20=0.765487143420574
score21=0.7471227677806499
score22=0.6111403072528088
score23=0.49616830003403634
score24=0.7673071548877978
score25=0.44193098247241563
score26=0.6745420820340416
score27=0.47805127642033995
score28=0.4321219739263302
score29=0.7649139228966402
score30=0.5172118220495794
score31=0.7293067090059974
score32=0.6059830197229394
score33=0.4535123052815923
score34=0.6989307622784944
score35=0.2094841271665114
score36=0.5664214301386431
score37=0.710852731130785
score38=0.4500520358742871
score39=0.5707996642471582
score40=0.7681136611833222
score41=0.8062737716018985
score42=0.7182652188169575
score43=0.6397883545138384
final result:0.6494890189780963