score0=0.8403987799054807
score1=0.652873960033058
score2=0.6980327551191791
score3=0.7016879391277372
score4=0.4347208719449914
score5=0.759470965974857
score6=0.8917830500776129
score7=0.4347208719449914
score8=0.07386099955930606
score9=0.7789081599309988
score10=0.7217338520944595
score11=0.7661210191683384
score12=0.05012578715739066
score13=0.6899501249055174
score14=0.06985342056580097
score15=0.7461549100331115
score16=0.06376715693797415
score17=0.8207515273873133
score18=0.5457789382647946
score19=0.4347208719449914
score20=0.8596941566355235
score21=0.7449813534749047
score22=0.7691831299040963
score23=0.7651245473297514
score24=0.784757484773875
score25=0.7062513769610277
score26=1.0
score27=1.0
final result:0.6359074289698958