score0=0.7536915950490678
score1=0.7173720611574762
score2=0.6659486143490365
score3=1.0
score4=1.0
score5=1.0
final result:0.8561687117592633