score0=0.8943548151761271
score1=0.6892235413297568
score2=0.6813802286487942
score3=0.38091370416670794
score4=0.6468506422107556
score5=0.4782360141852903
score6=0.4378387201808517
score7=0.439919997652123
score8=0.3764610775717232
score9=0.8057887373157977
score10=0.6763047112166005
score11=0.5878581525961936
score12=0.33084519358942216
score13=0.6263246799233745
score14=0.6566449106268605
score15=0.5923136157487711
score16=0.42662133585035766
score17=0.724068684538192
score18=0.6344707540196433
score19=0.5840927141364299
score20=0.8065008590125561
score21=0.9025056606997944
score22=0.43769193957463953
score23=0.676957549626757
score24=0.11530568323789493
score25=0.6275174409997532
score26=0.5434571755701416
score27=0.6087136804206625
score28=0.49616830003403634
score29=0.5066366566864894
score30=0.6348665785166827
score31=0.6150986368862928
score32=0.7193374094907244
score33=0.4695966835778606
score34=0.3303164318013807
score35=0.3928425653014052
score36=0.6371683241155731
score37=0.7563421319517567
score38=0.7026769184451878
score39=0.7356783063863811
score40=1.0
score41=1.0
score42=1.0
final result:0.6136253758841802