score0=0.6258765997974801
score1=0.7624612868646351
score2=0.8399870909551809
score3=0.37991784282579627
score4=1.0
final result:0.7216485640886184