score0=0.7594682379539213
score1=0.6707805375660997
score2=0.6415944196191324
score3=0.08307018474412793
score4=0.6058520284371595
score5=0.6090944498704501
score6=0.3220046147222372
score7=0.6791665246906032
score8=0.5914303449080732
score9=0.5336858615510951
score10=0.27337247148287364
score11=0.5125423172677859
score12=0.5050974614294611
score13=0.7205743386699484
score14=0.635518312561919
score15=0.8224847598010679
score16=0.6286582986576567
score17=0.4560103653054187
score18=0.6333686667931249
score19=0.676144571954426
score20=0.539992294002692
score21=0.7539221180326288
score22=0.6058398690011476
score23=0.6276768218075078
score24=0.6003295940242277
score25=0.6389431042462724
score26=0.800004244088118
score27=0.5632334964716535
score28=0.547267944697278
score29=0.7744031410142033
score30=1.0
score31=0.713622220542874
score32=0.591460168684858
score33=0.5671369533897129
score34=0.8561209455609029
score35=0.537284965911771
score36=0.6598444054557888
score37=0.7959032935180181
score38=0.8207202632332541
score39=0.7234729749258574
score40=0.537284965911771
score41=0.5310176591591572
score42=0.6954589913761926
score43=0.6845283354741023
score44=0.43361890903486755
score45=0.6307388212123707
score46=0.7031232386174194
score47=0.32467566054341507
score48=0.4189832098525889
score49=0.35740464043618275
score50=1.0
score51=1.0
final result:0.6229602311194888