score0=0.7072957713894923
score1=0.4366835442847812
score2=0.6710226806411848
score3=0.6580370064762462
score4=0.7310611218015783
score5=0.6246370153372314
score6=0.6849987196746923
score7=0.5911016916580222
score8=0.7825422900366437
score9=0.5016101836513814
score10=0.05665132701906204
score11=0.35740464043618275
score12=1.0
final result:0.6002343071081923