score0=0.6371621273647733
score1=0.4007992410591146
score2=0.8095050560588133
score3=0.4978857877447389
score4=0.5728047939707483
score5=0.6190147091127973
score6=0.2658483576665877
score7=0.6698305182488618
score8=0.6204186497615999
score9=0.698330412554383
score10=0.05706135914957148
score11=0.5299942623049687
score12=0.5469533428626507
score13=0.7821558702951628
score14=0.4787244843317536
score15=0.24489516889906388
score16=0.637268882815887
score17=0.8756996817728059
score18=0.6846932756887242
score19=0.3743074306277945
score20=0.11685792587573332
score21=0.5544842945586861
score22=0.2801342621283878
score23=0.34539038308520326
score24=0.3661926362999429
score25=0.6016110885795228
score26=0.37116666397359516
score27=0.5491581188953221
score28=0.06030725360407769
score29=0.6657807289400152
score30=0.5358474565443957
score31=0.4532763104257072
score32=0.06674094719041482
score33=0.7616462910657096
score34=0.7390982523432911
score35=0.37991784282579627
score36=1.0
final result:0.5094855099628811